111:[107,119,115,99], 118:[120,119], 114:[119,124], 117:[124,119], 124:[120,107,115,113], 119:[106], 121:[122,116], 110:[123], 120:[116],  116:[112,106,123,107], 122:[120,106,107], 113:[108], 123:[99,109], 109:[99]

111:[107,119,115,99], 
118:[120,119], 
114:[119,124], 
117:[124,119], 
124:[120,107,115,113], 
119:[106], 
121:[122,116], 
110:[123], 
120:[116],  
116:[112,106,123,107], 
122:[120,106,107], 
113:[108], 
123:[99,109], 
109:[99]

111:[106,107,119,115,99], 
118:[106,120,119], 
114:[106,119,124,107], 
117:[124,106,119,107], 
124:[106,120,108,107,115,113], 
119:[106], 
121:[122,116], 
110:[109,123], 
120:[116,106],  
116:[112,106,123,107], 
122:[120,106,107], 
113:[108], 
123:[99,109], 
109:[99]